0 0.05048076923076923 0.17548076923076922 0.06971153846153846 0.03365384615384615
1 0.3173076923076923 0.18990384615384615 0.07211538461538461 0.06009615384615385
1 0.4182692307692308 0.19471153846153846 0.06490384615384616 0.0673076923076923
1 0.5793269230769231 0.28125 0.07692307692307693 0.0985576923076923
1 0.5384615384615384 0.3173076923076923 0.0889423076923077 0.11298076923076923
0 0.9230769230769231 0.3701923076923077 0.09134615384615384 0.11298076923076923
0 0.8125 0.2764423076923077 0.08173076923076923 0.0985576923076923
0 0.7740384615384616 0.45913461538461536 0.10576923076923077 0.12259615384615384
0 0.6706730769230769 0.2403846153846154 0.08653846153846154 0.11057692307692307
0 0.12740384615384615 0.6033653846153846 0.25 0.2932692307692308
0 0.25961538461538464 0.25961538461538464 0.09134615384615384 0.11057692307692307
0 0.34375 0.25961538461538464 0.09375 0.13221153846153846
0 0.4831730769230769 0.43028846153846156 0.10336538461538461 0.13942307692307693