1 0.11298076923076923 0.4014423076923077 0.09134615384615384 0.10576923076923077
0 0.8245192307692307 0.23798076923076922 0.052884615384615384 0.03365384615384615
0 0.9302884615384616 0.5024038461538461 0.0985576923076923 0.13221153846153846
0 0.8942307692307693 0.30288461538461536 0.08413461538461539 0.1201923076923077
0 0.75 0.2692307692307692 0.08413461538461539 0.09134615384615384
0 0.6418269230769231 0.40625 0.09375 0.11538461538461539
0 0.65625 0.2668269230769231 0.08173076923076923 0.09134615384615384
0 0.49278846153846156 0.2668269230769231 0.0889423076923077 0.08653846153846154
0 0.25721153846153844 0.2644230769230769 0.08173076923076923 0.08413461538461539
0 0.49038461538461536 0.36778846153846156 0.08413461538461539 0.10576923076923077
0 0.5192307692307693 0.5793269230769231 0.09375 0.1201923076923077
0 0.5745192307692307 0.6370192307692307 0.11298076923076923 0.125
0 0.3798076923076923 0.7139423076923077 0.10817307692307693 0.11057692307692307
0 0.05048076923076923 0.6778846153846154 0.09375 0.1346153846153846
0 0.16346153846153846 0.5697115384615384 0.07211538461538461 0.10336538461538461
0 0.125 0.6153846153846154 0.09375 0.11538461538461539
0 0.06971153846153846 0.32211538461538464 0.0889423076923077 0.09615384615384616
0 0.28365384615384615 0.41586538461538464 0.10336538461538461 0.11057692307692307