1 0.1971153846153846 0.3894230769230769 0.07932692307692307 0.11057692307692307
1 0.46875 0.4326923076923077 0.15625 0.17548076923076922
1 0.4855769230769231 0.25 0.05048076923076923 0.06009615384615385
1 0.3293269230769231 0.25 0.057692307692307696 0.06009615384615385
1 0.625 0.31971153846153844 0.0673076923076923 0.08413461538461539
1 0.3870192307692308 0.3076923076923077 0.08173076923076923 0.0985576923076923
1 0.12980769230769232 0.3004807692307692 0.09615384615384616 0.10336538461538461
1 0.12740384615384615 0.6466346153846154 0.09375 0.10336538461538461
0 0.3173076923076923 0.4735576923076923 0.11538461538461539 0.15865384615384615
0 0.5360576923076923 0.27163461538461536 0.06971153846153846 0.08413461538461539
0 0.6706730769230769 0.34375 0.08173076923076923 0.10096153846153846
0 0.8581730769230769 0.33413461538461536 0.14423076923076922 0.16346153846153846
0 0.7163461538461539 0.5721153846153846 0.15384615384615385 0.20673076923076922