0 0.7067307692307693 0.28846153846153844 0.026442307692307692 0.03125
1 0.10817307692307693 0.5408653846153846 0.03365384615384615 0.040865384615384616
1 0.16105769230769232 0.5841346153846154 0.03125 0.040865384615384616
0 0.014423076923076924 0.47596153846153844 0.028846153846153848 0.040865384615384616
0 0.12740384615384615 0.4735576923076923 0.04567307692307692 0.040865384615384616
0 0.07211538461538461 0.46634615384615385 0.03365384615384615 0.038461538461538464
0 0.0889423076923077 0.2644230769230769 0.03125 0.028846153846153848
0 0.08653846153846154 0.28365384615384615 0.026442307692307692 0.03125
0 0.16826923076923078 0.40865384615384615 0.03125 0.038461538461538464
0 0.13221153846153846 0.4014423076923077 0.03365384615384615 0.038461538461538464
0 0.24278846153846154 0.31009615384615385 0.026442307692307692 0.028846153846153848
0 0.22115384615384615 0.34134615384615385 0.026442307692307692 0.03365384615384615
1 0.13942307692307693 0.34615384615384615 0.03125 0.036057692307692304
1 0.21153846153846154 0.31971153846153844 0.026442307692307692 0.03125
1 0.2620192307692308 0.34615384615384615 0.028846153846153848 0.03365384615384615
1 0.3004807692307692 0.33413461538461536 0.028846153846153848 0.03125
1 0.34375 0.3125 0.026442307692307692 0.038461538461538464
0 0.25961538461538464 0.4230769230769231 0.03365384615384615 0.038461538461538464
0 0.34134615384615385 0.39903846153846156 0.036057692307692304 0.040865384615384616
0 0.36778846153846156 0.3485576923076923 0.03125 0.038461538461538464
0 0.32211538461538464 0.28846153846153844 0.028846153846153848 0.03365384615384615
0 0.2620192307692308 0.25 0.02403846153846154 0.026442307692307692
0 0.2956730769230769 0.23317307692307693 0.02403846153846154 0.028846153846153848
0 0.31490384615384615 0.21153846153846154 0.021634615384615384 0.028846153846153848
0 0.3581730769230769 0.16346153846153846 0.021634615384615384 0.02403846153846154
0 0.35096153846153844 0.1875 0.021634615384615384 0.026442307692307692
0 0.3894230769230769 0.19471153846153846 0.02403846153846154 0.028846153846153848
1 0.4014423076923077 0.22596153846153846 0.02403846153846154 0.026442307692307692
0 0.39663461538461536 0.28846153846153844 0.028846153846153848 0.03125
0 0.43028846153846156 0.22115384615384615 0.026442307692307692 0.028846153846153848
0 0.4182692307692308 0.18509615384615385 0.02403846153846154 0.026442307692307692
0 0.4519230769230769 0.16105769230769232 0.019230769230769232 0.019230769230769232
0 0.4735576923076923 0.19471153846153846 0.021634615384615384 0.02403846153846154
0 0.5072115384615384 0.19951923076923078 0.021634615384615384 0.016826923076923076
0 0.49759615384615385 0.24278846153846154 0.026442307692307692 0.026442307692307692
0 0.4206730769230769 0.39903846153846156 0.038461538461538464 0.04567307692307692
0 0.5528846153846154 0.3870192307692308 0.03125 0.038461538461538464
0 0.5600961538461539 0.35096153846153844 0.028846153846153848 0.038461538461538464
0 0.5048076923076923 0.31009615384615385 0.028846153846153848 0.03365384615384615
0 0.4567307692307692 0.3701923076923077 0.038461538461538464 0.040865384615384616
0 0.4831730769230769 0.39663461538461536 0.03365384615384615 0.040865384615384616
0 0.5336538461538461 0.40625 0.036057692307692304 0.04326923076923077
0 0.6658653846153846 0.4110576923076923 0.03365384615384615 0.038461538461538464
0 0.6033653846153846 0.41346153846153844 0.038461538461538464 0.05048076923076923
0 0.6322115384615384 0.35096153846153844 0.028846153846153848 0.038461538461538464
1 0.6418269230769231 0.2620192307692308 0.026442307692307692 0.03125
1 0.6706730769230769 0.2403846153846154 0.021634615384615384 0.028846153846153848
0 0.5408653846153846 0.1658653846153846 0.021634615384615384 0.028846153846153848
0 0.5384615384615384 0.21875 0.02403846153846154 0.028846153846153848
0 0.5697115384615384 0.18990384615384615 0.02403846153846154 0.028846153846153848
0 0.6346153846153846 0.20673076923076922 0.026442307692307692 0.028846153846153848
0 0.6225961538461539 0.2764423076923077 0.026442307692307692 0.03125
0 0.6274038461538461 0.15865384615384615 0.02403846153846154 0.016826923076923076
0 0.6658653846153846 0.19471153846153846 0.021634615384615384 0.02403846153846154
0 0.6923076923076923 0.20432692307692307 0.026442307692307692 0.028846153846153848
0 0.7043269230769231 0.21153846153846154 0.02403846153846154 0.026442307692307692
0 0.7644230769230769 0.15865384615384615 0.021634615384615384 0.016826923076923076
0 0.7283653846153846 0.22115384615384615 0.02403846153846154 0.026442307692307692
0 0.8653846153846154 0.1778846153846154 0.021634615384615384 0.026442307692307692
0 0.8173076923076923 0.1971153846153846 0.02403846153846154 0.028846153846153848
0 0.7932692307692307 0.21394230769230768 0.02403846153846154 0.021634615384615384
1 0.7355769230769231 0.24519230769230768 0.021634615384615384 0.02403846153846154
1 0.8389423076923077 0.21153846153846154 0.021634615384615384 0.021634615384615384
1 0.9567307692307693 0.16826923076923078 0.021634615384615384 0.026442307692307692
0 0.9254807692307693 0.18269230769230768 0.026442307692307692 0.026442307692307692
0 0.8918269230769231 0.1971153846153846 0.026442307692307692 0.03125
0 0.8677884615384616 0.2620192307692308 0.026442307692307692 0.028846153846153848
0 0.8221153846153846 0.2620192307692308 0.026442307692307692 0.03125
0 0.7716346153846154 0.31009615384615385 0.028846153846153848 0.036057692307692304
0 0.8509615384615384 0.3004807692307692 0.026442307692307692 0.03125
0 0.9230769230769231 0.27163461538461536 0.026442307692307692 0.03365384615384615
0 0.9783653846153846 0.21634615384615385 0.028846153846153848 0.036057692307692304
0 0.9495192307692307 0.27163461538461536 0.028846153846153848 0.03125
0 0.9038461538461539 0.33653846153846156 0.021634615384615384 0.02403846153846154
0 0.8725961538461539 0.36778846153846156 0.03365384615384615 0.036057692307692304
0 0.8461538461538461 0.34134615384615385 0.028846153846153848 0.03365384615384615
0 0.8100961538461539 0.3581730769230769 0.036057692307692304 0.038461538461538464
0 0.9879807692307693 0.4855769230769231 0.019230769230769232 0.04567307692307692
0 0.9206730769230769 0.36778846153846156 0.03365384615384615 0.038461538461538464
0 0.9086538461538461 0.44471153846153844 0.03365384615384615 0.04326923076923077
0 0.8918269230769231 0.46875 0.040865384615384616 0.04567307692307692
0 0.7355769230769231 0.4230769230769231 0.038461538461538464 0.040865384615384616
0 0.6899038461538461 0.4375 0.038461538461538464 0.04807692307692308
0 0.7163461538461539 0.46153846153846156 0.038461538461538464 0.04807692307692308
0 0.3629807692307692 0.46153846153846156 0.04567307692307692 0.04807692307692308
0 0.4254807692307692 0.4423076923076923 0.038461538461538464 0.04326923076923077
0 0.49278846153846156 0.4567307692307692 0.04567307692307692 0.05048076923076923
0 0.4519230769230769 0.5192307692307693 0.040865384615384616 0.04807692307692308
0 0.8798076923076923 0.40384615384615385 0.03365384615384615 0.038461538461538464
0 0.5961538461538461 0.5024038461538461 0.04807692307692308 0.052884615384615384
0 0.43028846153846156 0.49278846153846156 0 0
0 0.47115384615384615 0.5504807692307693 0.05048076923076923 0.052884615384615384
0 0.07692307692307693 0.6225961538461539 0.0625 0.055288461538461536
0 0.9014423076923077 0.8100961538461539 0.06009615384615385 0.0625
0 0.7211538461538461 0.5144230769230769 0.04326923076923077 0.04807692307692308
0 0.6923076923076923 0.5240384615384616 0.04807692307692308 0.052884615384615384
0 0.9399038461538461 0.5144230769230769 0.040865384615384616 0.05048076923076923
0 0.9399038461538461 0.5649038461538461 0.055288461538461536 0.06490384615384616
0 0.9399038461538461 0.6875 0.04567307692307692 0.06009615384615385
0 0.9014423076923077 0.6971153846153846 0.055288461538461536 0.0673076923076923
0 0.7475961538461539 0.7716346153846154 0.06009615384615385 0.07211538461538461
0 0.6466346153846154 0.7139423076923077 0.052884615384615384 0.06490384615384616
0 0.5985576923076923 0.6634615384615384 0.05048076923076923 0.06009615384615385
0 0.5432692307692307 0.7451923076923077 0.057692307692307696 0.06009615384615385
0 0.4543269230769231 0.6923076923076923 0.036057692307692304 0.04807692307692308
0 0.40865384615384615 0.7884615384615384 0.0625 0.06490384615384616
0 0.24759615384615385 0.7980769230769231 0.055288461538461536 0.06009615384615385
0 0.375 0.5769230769230769 0.04567307692307692 0.04567307692307692
0 0.28365384615384615 0.5360576923076923 0.040865384615384616 0.04567307692307692
0 0.2620192307692308 0.5649038461538461 0.04807692307692308 0.052884615384615384
0 0.37740384615384615 0.6298076923076923 0.038461538461538464 0.04567307692307692
0 0.40384615384615385 0.6322115384615384 0.040865384615384616 0.055288461538461536
0 0.3245192307692308 0.6802884615384616 0.052884615384615384 0.057692307692307696