0 0.49759615384615385 0.21875 0.10096153846153846 0.10817307692307693
1 0.6418269230769231 0.5600961538461539 0.12740384615384615 0.19230769230769232
0 0.14903846153846154 0.21153846153846154 0.07932692307692307 0.08173076923076923
0 0.9230769230769231 0.34615384615384615 0.10336538461538461 0.125
1 0.7475961538461539 0.3173076923076923 0.09615384615384616 0.11298076923076923
1 0.9711538461538461 0.21153846153846154 0.05048076923076923 0.08653846153846154
1 0.8485576923076923 0.23798076923076922 0.08173076923076923 0.10336538461538461
1 0.7331730769230769 0.21875 0.09615384615384616 0.0889423076923077
1 0.5697115384615384 0.3125 0.09615384615384616 0.10817307692307693
1 0.6225961538461539 0.22355769230769232 0.0985576923076923 0.10576923076923077
1 0.08413461538461539 0.22596153846153846 0.08173076923076923 0.11538461538461539
1 0.23076923076923078 0.22596153846153846 0.08413461538461539 0.10817307692307693
1 0.3581730769230769 0.5600961538461539 0.15865384615384615 0.20192307692307693
1 0.21153846153846154 0.44471153846153844 0.11298076923076923 0.1658653846153846
1 0.06490384615384616 0.4519230769230769 0.125 0.17067307692307693
0 0.7475961538461539 0.6514423076923077 0.125 0.1658653846153846
0 0.8149038461538461 0.4639423076923077 0.11298076923076923 0.16826923076923078
0 0.4831730769230769 0.3557692307692308 0.11538461538461539 0.16826923076923078
0 0.6754807692307693 0.41586538461538464 0.12740384615384615 0.1658653846153846
0 0.21153846153846154 0.6923076923076923 0.18028846153846154 0.25240384615384615