0 0.7884615384615384 0.24278846153846154 0.03125 0.040865384615384616
0 0.5552884615384616 0.25721153846153844 0.04567307692307692 0.05048076923076923
0 0.39903846153846156 0.2403846153846154 0.03125 0.028846153846153848
0 0.4543269230769231 0.25240384615384615 0.03365384615384615 0.03365384615384615
0 0.25961538461538464 0.2644230769230769 0.052884615384615384 0.07211538461538461
0 0.23076923076923078 0.29086538461538464 0.052884615384615384 0.07692307692307693
0 0.16826923076923078 0.5432692307692307 0.1201923076923077 0.14182692307692307
0 0.3389423076923077 0.4855769230769231 0.08173076923076923 0.11778846153846154
0 0.41586538461538464 0.3798076923076923 0.07692307692307693 0.09615384615384616
0 0.5408653846153846 0.35336538461538464 0.0673076923076923 0.09134615384615384
0 0.5673076923076923 0.43509615384615385 0.07932692307692307 0.10336538461538461
0 0.6538461538461539 0.34375 0.07692307692307693 0.09134615384615384
0 0.8125 0.2956730769230769 0.05048076923076923 0.06971153846153846
0 0.8533653846153846 0.24759615384615385 0.04567307692307692 0.040865384615384616
1 0.7475961538461539 0.28846153846153844 0.04326923076923077 0.055288461538461536