0 0.7716346153846154 0.37740384615384615 0.03125 0.04326923076923077
0 0.9302884615384616 0.3581730769230769 0.04567307692307692 0.06009615384615385
0 0.8870192307692307 0.3581730769230769 0.04567307692307692 0.0625
0 0.8149038461538461 0.34375 0.055288461538461536 0.0673076923076923
0 0.7115384615384616 0.33413461538461536 0.04567307692307692 0.06971153846153846
0 0.6586538461538461 0.3317307692307692 0.052884615384615384 0.07211538461538461
0 0.5288461538461539 0.2956730769230769 0.0673076923076923 0.08413461538461539
0 0.4182692307692308 0.28125 0.07692307692307693 0.10096153846153846
0 0.37740384615384615 0.3870192307692308 0.04807692307692308 0.06009615384615385
0 0.2692307692307692 0.3942307692307692 0.055288461538461536 0.057692307692307696
0 0.028846153846153848 0.3485576923076923 0.052884615384615384 0.06009615384615385
0 0.13221153846153846 0.2692307692307692 0.08413461538461539 0.09615384615384616