0 0.31971153846153844 0.41586538461538464 0.026442307692307692 0.028846153846153848
0 0.014423076923076924 0.41346153846153844 0.02403846153846154 0.04326923076923077
0 0.4423076923076923 0.42788461538461536 0.019230769230769232 0.03125
0 0.04326923076923077 0.46153846153846156 0.06009615384615385 0.0625
0 0.11538461538461539 0.4254807692307692 0.02403846153846154 0.03365384615384615
0 0.25961538461538464 0.40625 0.026442307692307692 0.036057692307692304
0 0.3245192307692308 0.4735576923076923 0.057692307692307696 0.07211538461538461
0 0.07692307692307693 0.5144230769230769 0.07932692307692307 0.07211538461538461
0 0.19471153846153846 0.44711538461538464 0.09375 0.10576923076923077
0 0.6346153846153846 0.4423076923076923 0.036057692307692304 0.04326923076923077
0 0.6778846153846154 0.4879807692307692 0.06009615384615385 0.07451923076923077
0 0.5769230769230769 0.47596153846153844 0.06009615384615385 0.06971153846153846
0 0.3942307692307692 0.4543269230769231 0.06490384615384616 0.0985576923076923
0 0.46153846153846156 0.5528846153846154 0.09615384615384616 0.1201923076923077
0 0.9423076923076923 0.6033653846153846 0.0673076923076923 0.15144230769230768
0 0.8509615384615384 0.5456730769230769 0.17067307692307693 0.23557692307692307