1 0.2980769230769231 0.40625 0.08173076923076923 0.1201923076923077
1 0.6658653846153846 0.28125 0.06490384615384616 0.07692307692307693
0 0.7403846153846154 0.6706730769230769 0.19471153846153846 0.20673076923076922
0 0.6514423076923077 0.4254807692307692 0.0985576923076923 0.1778846153846154
0 0.9447115384615384 0.4375 0.09375 0.13701923076923078
0 0.9158653846153846 0.3004807692307692 0.07451923076923077 0.0985576923076923
0 0.7716346153846154 0.43028846153846156 0.09375 0.12740384615384615
0 0.5480769230769231 0.4206730769230769 0.14182692307692307 0.20192307692307693
0 0.41586538461538464 0.4807692307692308 0.11298076923076923 0.15625
0 0.2644230769230769 0.53125 0.12980769230769232 0.18509615384615385
0 0.09375 0.5961538461538461 0.1778846153846154 0.2764423076923077