0 0.9543269230769231 0.3918269230769231 0.06009615384615385 0.0673076923076923
0 0.8317307692307693 0.40384615384615385 0.06490384615384616 0.06490384615384616
0 0.7427884615384616 0.3870192307692308 0.057692307692307696 0.057692307692307696
0 0.6538461538461539 0.3894230769230769 0.052884615384615384 0.057692307692307696
0 0.5673076923076923 0.36778846153846156 0.05048076923076923 0.055288461538461536
0 0.43990384615384615 0.37259615384615385 0.055288461538461536 0.06009615384615385
0 0.3317307692307692 0.35336538461538464 0.05048076923076923 0.06009615384615385
0 0.27403846153846156 0.3317307692307692 0.04567307692307692 0.06009615384615385
0 0.2283653846153846 0.3798076923076923 0.055288461538461536 0.0673076923076923
0 0.1346153846153846 0.37740384615384615 0.057692307692307696 0.0673076923076923
0 0.03125 0.37259615384615385 0.055288461538461536 0.0673076923076923