1 0.6995192307692307 0.3125 0.0673076923076923 0.07932692307692307
1 0.8846153846153846 0.33653846153846156 0.06971153846153846 0.08413461538461539
1 0.9615384615384616 0.41346153846153844 0.06009615384615385 0.10576923076923077
1 0.6057692307692307 0.5649038461538461 0.12740384615384615 0.12980769230769232
1 0.6346153846153846 0.4831730769230769 0.11298076923076923 0.10817307692307693
1 0.5480769230769231 0.3942307692307692 0.07692307692307693 0.10576923076923077
1 0.4855769230769231 0.3629807692307692 0.07692307692307693 0.0985576923076923
1 0.25240384615384615 0.36538461538461536 0.08653846153846154 0.10576923076923077
1 0.12980769230769232 0.38461538461538464 0.08653846153846154 0.09375
1 0.19230769230769232 0.43028846153846156 0.08653846153846154 0.1201923076923077
1 0.19471153846153846 0.5384615384615384 0.10336538461538461 0.10817307692307693
1 0.33653846153846156 0.5120192307692307 0.10817307692307693 0.1346153846153846
0 0.8605769230769231 0.5504807692307693 0.13942307692307693 0.15625
0 0.4375 0.5048076923076923 0.11298076923076923 0.14423076923076922