0 0.7860576923076923 0.29086538461538464 0.05048076923076923 0.052884615384615384
0 0.5048076923076923 0.34134615384615385 0.040865384615384616 0.09134615384615384
0 0.3293269230769231 0.31490384615384615 0.10096153846153846 0.15625
0 0.22596153846153846 0.28365384615384615 0.15625 0.1201923076923077
0 0.3894230769230769 0.34615384615384615 0.06490384615384616 0.11538461538461539
0 0.4495192307692308 0.3245192307692308 0.07692307692307693 0.11298076923076923
0 0.9471153846153846 0.34375 0.040865384615384616 0.06490384615384616
0 0.8173076923076923 0.3317307692307692 0.04807692307692308 0.07451923076923077
0 0.8677884615384616 0.3245192307692308 0.0889423076923077 0.0889423076923077
0 0.7596153846153846 0.33653846153846156 0.08653846153846154 0.09375
0 0.6538461538461539 0.2932692307692308 0.08173076923076923 0.09615384615384616
0 0.6778846153846154 0.3629807692307692 0.09375 0.11538461538461539
0 0.6995192307692307 0.5216346153846154 0.10817307692307693 0.125