0 0.5240384615384616 0.2692307692307692 0.055288461538461536 0.04807692307692308
1 0.6802884615384616 0.2980769230769231 0.06490384615384616 0.07932692307692307
0 0.8125 0.28125 0.055288461538461536 0.06971153846153846
1 0.8701923076923077 0.43990384615384615 0.057692307692307696 0.09615384615384616
0 0.9350961538461539 0.4375 0.11778846153846154 0.15384615384615385
0 0.8004807692307693 0.37259615384615385 0.07692307692307693 0.11057692307692307
0 0.7067307692307693 0.39903846153846156 0.0985576923076923 0.1201923076923077
0 0.5841346153846154 0.38221153846153844 0.08173076923076923 0.0985576923076923
0 0.5192307692307693 0.33653846153846156 0.055288461538461536 0.08173076923076923
0 0.49759615384615385 0.31009615384615385 0.055288461538461536 0.06009615384615385
0 0.4543269230769231 0.3173076923076923 0.036057692307692304 0.057692307692307696
0 0.4110576923076923 0.31009615384615385 0.0625 0.07451923076923077
0 0.2668269230769231 0.32211538461538464 0.06490384615384616 0.0673076923076923
0 0.1875 0.3245192307692308 0.055288461538461536 0.057692307692307696
0 0.04326923076923077 0.34134615384615385 0.07692307692307693 0.08653846153846154