1 0.7379807692307693 0.2932692307692308 0.06971153846153846 0.08173076923076923
1 0.6442307692307693 0.23798076923076922 0.07211538461538461 0.08173076923076923
0 0.43509615384615385 0.2980769230769231 0.06490384615384616 0.07932692307692307
0 0.4495192307692308 0.3485576923076923 0.08653846153846154 0.10096153846153846
0 0.3918269230769231 0.37740384615384615 0.11057692307692307 0.11778846153846154
0 0.6754807692307693 0.3317307692307692 0.08413461538461539 0.09615384615384616
0 0.8653846153846154 0.23798076923076922 0.0673076923076923 0.07211538461538461
0 0.8822115384615384 0.30528846153846156 0.0625 0.09375
0 0.8004807692307693 0.3293269230769231 0.10336538461538461 0.11057692307692307
0 0.8870192307692307 0.43028846153846156 0.14903846153846154 0.16105769230769232
0 0.5360576923076923 0.31490384615384615 0.15144230769230768 0.17548076923076922
0 0.08173076923076923 0.2932692307692308 0.11778846153846154 0.15144230769230768
0 0.18028846153846154 0.39903846153846156 0.18028846153846154 0.19230769230769232