1 0.8052884615384616 0.3269230769230769 0.05048076923076923 0.052884615384615384
0 0.07451923076923077 0.3245192307692308 0.07451923076923077 0.09615384615384616
0 0.1658653846153846 0.3581730769230769 0.07692307692307693 0.0889423076923077
0 0.29086538461538464 0.31009615384615385 0.055288461538461536 0.057692307692307696
0 0.3581730769230769 0.3004807692307692 0.0673076923076923 0.07932692307692307
0 0.46634615384615385 0.33653846153846156 0.057692307692307696 0.0673076923076923
0 0.6081730769230769 0.3557692307692308 0.04326923076923077 0.06490384615384616
0 0.9399038461538461 0.32211538461538464 0.06490384615384616 0.07932692307692307
0 0.8798076923076923 0.31009615384615385 0.0673076923076923 0.07692307692307693
0 0.7548076923076923 0.3173076923076923 0.0673076923076923 0.08173076923076923
0 0.7019230769230769 0.375 0.0889423076923077 0.11057692307692307
0 0.6538461538461539 0.3605769230769231 0.08173076923076923 0.11057692307692307
0 0.5697115384615384 0.33413461538461536 0.06009615384615385 0.08413461538461539
0 0.40384615384615385 0.34134615384615385 0.057692307692307696 0.06971153846153846
0 0.3389423076923077 0.35336538461538464 0.08173076923076923 0.07932692307692307
0 0.4375 0.46875 0.0889423076923077 0.08653846153846154
0 0.5168269230769231 0.3293269230769231 0.06009615384615385 0.07692307692307693